1	0	10.3329
1	6.556231609	10.4169
1	13.11246321	10.4859
1	19.66869482	10.4819
1	26.22492643	10.4884
1	32.78115804	10.5135
1	39.33738965	10.511
1	45.89362126	10.4864
1	52.44985287	10.5146
1	59.00608447	10.4851
1	65.56231608	10.4274
1	72.11854769	10.4164
1	78.6747793	10.4395
1	85.23101091	10.4221
1	91.78724252	10.374
1	98.34347412	10.4203
1	104.8997057	10.4562
1	111.4559373	10.441
1	118.012169	10.4171
1	124.5684006	10.4173
1	131.1246322	10.4365
1	137.6808638	10.3397
1	144.2370954	10.3023
1	150.793327	10.494
1	157.3495586	10.9207
1	163.9057902	11.6468
1	170.4620218	12.5418
1	177.0182534	13.4728
1	183.574485	14.2206
1	190.1307166	15.457
1	196.6869482	17.1259
1	203.2431799	17.8701
1	209.7994115	18.2416
1	216.3556431	18.3532
1	222.9118747	18.4346
1	229.4681063	18.5193
1	236.0243379	18.5666
1	242.5805695	18.6226
1	249.1368011	18.6947
1	255.6930327	18.7382
1	262.2492643	18.781
1	268.8054959	18.856
1	275.3617276	18.9012
1	281.9179592	18.8724
1	288.4741908	18.8507
1	295.0304224	18.9129
1	301.586654	18.8854
1	308.1428856	18.8555
1	314.6991172	18.8805
1	321.2553488	18.8877
1	327.8115804	18.8717
1	334.367812	18.8438
1	340.9240436	18.8773
1	347.4802752	18.8835
1	354.0365068	18.8684
1	360.5927385	18.9237
1	367.1489701	18.9848
1	373.7052017	18.9939
1	380.2614333	19.0017
1	386.8176649	19.0325
1	393.3738965	19.0738
1	399.9301281	19.064
1	406.4863597	19.0563
1	413.0425913	19.0916
1	419.5988229	19.1136
1	426.1550545	19.1408
1	432.7112862	19.1937
1	439.2675178	19.1871
1	445.8237494	19.1767
1	452.379981	19.2277
1	458.9362126	19.2717
1	465.4924442	19.2287
1	472.0486758	19.2066
1	478.6049074	19.2178
1	485.161139	19.2494
1	491.7173706	19.2543
1	498.2736022	19.2581
1	504.8298338	19.2765
1	511.3860654	19.2793
1	517.9422971	19.2704
1	524.4985287	19.2718
1	531.0547603	19.2997
1	537.6109919	19.2549
1	544.1672235	19.2032
1	550.7234551	19.226
1	557.2796867	19.2866
1	563.8359183	19.3263
1	570.3921499	19.4998
1	576.9483815	19.6542
1	583.5046131	19.8237
1	590.0608448	20.0131
1	596.6170764	20.0743
1	603.173308	20.0784
1	609.7295396	20.0837
1	616.2857712	20.0789
1	622.8420028	20.0589
1	629.3982344	20.0868
1	635.954466	20.0268
1	642.5106976	20.0181
1	649.0669292	20.0395
1	655.6231608	20.004
1	662.1793924	19.9032
1	668.7356241	20.0024
1	675.2918557	19.9805
1	681.8480873	20.0445
1	688.4043189	20.0789
1	694.9605505	19.9869
1	701.5167821	19.7771
1	708.0730137	19.6374
1	714.6292453	19.5087
1	721.1854769	19.4567
1	727.7417085	19.4478
1	734.2979401	19.3884
1	740.8541717	19.3695
1	747.4104034	19.2802
1	753.966635	19.2686
1	760.5228666	19.2656
1	767.0790982	19.2429
1	773.6353298	19.2422
1	780.1915614	19.2004
1	786.747793	19.1919
1	793.3040246	19.1869
1	799.8602562	19.1213
1	806.4164878	19.1517
1	812.9727194	19.1794
1	819.528951	19.2071
1	826.0851826	19.2431
1	832.6414143	19.2543
1	839.1976459	19.273
1	845.7538775	19.3407
1	852.3101091	19.3332
1	858.8663407	19.2321
1	865.4225723	19.2022
1	871.9788039	19.2132
1	878.5350355	19.2583
1	885.0912671	19.2497
1	891.6474987	19.172
1	898.2037303	19.0924
1	904.759962	19.065
1	911.3161936	18.9497
1	917.8724252	18.867
1	924.4286568	18.8759
1	930.9848884	18.8897
1	937.54112	18.8433
1	944.0973516	18.7242
1	950.6535832	18.6447
1	957.2098148	18.5588
1	963.7660464	18.5249
1	970.322278	18.4938
1	976.8785096	18.4174
1	983.4347413	18.3694
1	989.9909729	18.2802
1	996.5472045	18.2255
1	1003.103436	18.179
1	1009.659668	18.2138
1	1016.215899	18.3395
1	1022.772131	18.4081
1	1029.328363	18.5064
1	1035.884594	18.5306
1	1042.440826	18.5408
1	1048.997057	18.5557
1	1055.553289	18.5195
1	1062.109521	18.4851
1	1068.665752	18.5009
1	1075.221984	18.4592
1	1081.778215	18.4639
1	1088.334447	18.5154
1	1094.890679	18.4497
1	1101.44691	18.4634
1	1108.003142	18.4103
1	1114.559373	18.3676
1	1121.115605	18.3226
1	1127.671837	18.3151
1	1134.228068	18.2808
1	1140.7843	18.1618
1	1147.340531	18.1574
1	1153.896763	18.1789
1	1160.452995	18.1357
1	1167.009226	18.1429
1	1173.565458	18.1671
1	1180.12169	18.1328
1	1186.677921	18.1193
1	1193.234153	18.1135
1	1199.790384	18.1193
1	1206.346616	18.1337
1	1212.902848	18.1338
1	1219.459079	18.126
1	1226.015311	18.1067
1	1232.571542	18.1168
1	1239.127774	18.089
1	1245.684006	18.1073
1	1252.240237	18.1056
1	1258.796469	18.1043
1	1265.3527	18.099
1	1271.908932	18.073
1	1278.465164	18.0632
1	1285.021395	18.0603
1	1291.577627	18.015
1	1298.133858	18.011
1	1304.69009	18.0226
1	1311.246322	18.0356
1	1317.802553	18.0057
1	1324.358785	18.0046
1	1330.915016	18.0373
1	1337.471248	18.0446
1	1344.02748	18.001
1	1350.583711	17.989
1	1357.139943	17.978
1	1363.696175	17.967
1	1370.252406	17.9475
1	1376.808638	17.9433
1	1383.364869	17.9457
1	1389.921101	17.9392
1	1396.477333	17.9214
1	1403.033564	17.8998
1	1409.589796	17.7861
1	1416.146027	17.7588
1	1422.702259	17.7089
1	1429.258491	17.6378
1	1435.814722	17.6295
1	1442.370954	17.5619
1	1448.927185	17.4968
1	1455.483417	17.4927
1	1462.039649	17.4948
1	1468.59588	17.4782
1	1475.152112	17.3687
1	1481.708343	17.2721
1	1488.264575	17.1657
1	1494.820807	17.059
1	1501.377038	16.9402
1	1507.93327	16.7537
1	1514.489502	16.6297
1	1521.045733	16.625
1	1527.601965	16.5776
1	1534.158196	16.5776
1	1540.714428	16.5524
1	1547.27066	16.5782
1	1553.826891	16.5891
1	1560.383123	16.4958
1	1566.939354	16.3902
1	1573.495586	16.2499
1	1580.051818	15.9821
1	1586.608049	15.6751
1	1593.164281	15.4045
1	1599.720512	14.919
1	1606.276744	14.614
1	1612.832976	14.4075
1	1619.389207	14.2301
1	1625.945439	13.8977
1	1632.50167	13.365
1	1639.057902	12.6816
1	1645.614134	12.0914
1	1652.170365	11.9861
1	1658.726597	11.9604
1	1665.282829	11.898
1	1671.83906	11.8018
1	1678.395292	11.6497
1	1684.951523	11.304
1	1691.507755	11.0054
1	1698.063987	10.9941
1	1704.620218	11.0293
1	1711.17645	10.9785
1	1717.732681	10.9823
1	1724.288913	10.9612
1	1730.845145	10.9134
1	1737.401376	10.9393
1	1743.957608	10.888
1	1750.513839	10.8553
1	1757.070071	10.8367
1	1763.626303	10.8989
1	1770.182534	10.873
1	1776.738766	10.8991
1	1783.294997	10.8856
1	1789.851229	10.9118
1	1796.407461	10.9465
1	1802.963692	10.8817
1	1809.519924	10.9065
1	1816.076156	10.9511
1	1822.632387	10.9177
1	1829.188619	10.9326
1	1835.74485	10.9148
1	1842.301082	10.8981
1	1848.857314	10.8822
1	1855.413545	10.9261
